/* -*- buffer-read-only: t -*-
   !!!!!!!   DO NOT EDIT THIS FILE   !!!!!!!
   This file is built by regen_perly.pl from perly.y.
   Any changes made here will be lost!
 */

#define YYFINAL  16
/* YYLAST -- Last index in YYTABLE.  */
#define YYLAST   3659

/* YYNTOKENS -- Number of terminals.  */
#define YYNTOKENS  130
/* YYNNTS -- Number of nonterminals.  */
#define YYNNTS  112
/* YYNRULES -- Number of rules.  */
#define YYNRULES  335
/* YYNSTATES -- Number of states.  */
#define YYNSTATES  665

#define YYUNDEFTOK  2
#define YYMAXUTOK   384


/* YYTRANSLATE(TOKEN-NUM) -- Symbol number corresponding to TOKEN-NUM
   as returned by yylex, with out-of-bounds checking.  */
#define YYTRANSLATE(YYX)                                                \
  (0 <= (YYX) && (YYX) <= YYMAXUTOK ? yytranslate[YYX] : YYUNDEFTOK)

/* YYTRANSLATE[TOKEN-NUM] -- Symbol number corresponding to TOKEN-NUM
   as returned by yylex.  */
static const yytype_uint8 yytranslate[] =
{
       0,     2,     2,     2,     2,     2,     2,     2,     2,     2,
       2,     2,     2,     2,     2,     2,     2,     2,     2,     2,
       2,     2,     2,     2,     2,     2,     2,     2,     2,     2,
       2,     2,     2,     2,     2,     2,     2,     2,     2,     2,
       2,     2,     2,     2,     2,     2,     2,     2,     2,     2,
       2,     2,     2,     2,     2,     2,     2,     2,     2,     2,
       2,     2,     2,     2,     2,     2,     2,     2,     2,     2,
       2,     2,     2,     2,     2,     2,     2,     2,     2,     2,
       2,     2,     2,     2,     2,     2,     2,     2,     2,     2,
       2,     2,     2,     2,     2,     2,     2,     2,     2,     2,
       2,     2,     2,     2,     2,     2,     2,     2,     2,     2,
       2,     2,     2,     2,     2,     2,     2,     2,     2,     2,
       2,     2,     2,     2,     2,     2,     2,     2,     2,     2,
       2,     2,     2,     2,     2,     2,     2,     2,     2,     2,
       2,     2,     2,     2,     2,     2,     2,     2,     2,     2,
       2,     2,     2,     2,     2,     2,     2,     2,     2,     2,
       2,     2,     2,     2,     2,     2,     2,     2,     2,     2,
       2,     2,     2,     2,     2,     2,     2,     2,     2,     2,
       2,     2,     2,     2,     2,     2,     2,     2,     2,     2,
       2,     2,     2,     2,     2,     2,     2,     2,     2,     2,
       2,     2,     2,     2,     2,     2,     2,     2,     2,     2,
       2,     2,     2,     2,     2,     2,     2,     2,     2,     2,
       2,     2,     2,     2,     2,     2,     2,     2,     2,     2,
       2,     2,     2,     2,     2,     2,     2,     2,     2,     2,
       2,     2,     2,     2,     2,     2,     2,     2,     2,     2,
       2,     2,     2,     2,     2,     2,     1,     2,     3,     4,
       5,     6,     7,     8,     9,    10,    11,    12,    13,    14,
      15,    16,    17,    18,    19,    20,    21,    22,    23,    24,
      25,    26,    27,    28,    29,    30,    31,    32,    33,    34,
      35,    36,    37,    38,    39,    40,    41,    42,    43,    44,
      45,    46,    47,    48,    49,    50,    51,    52,    53,    54,
      55,    56,    57,    58,    59,    60,    61,    62,    63,    64,
      65,    66,    67,    68,    69,    70,    71,    72,    73,    74,
      75,    76,    77,    78,    79,    80,    81,    82,    83,    84,
      85,    86,    87,    88,    89,    90,    91,    92,    93,    94,
      95,    96,    97,    98,    99,   100,   101,   102,   103,   104,
     105,   106,   107,   108,   109,   110,   111,   112,   113,   114,
     115,   116,   117,   118,   119,   120,   121,   122,   123,   124,
     125,   126,   127,   128,   129
};

#if YYDEBUG
  /* YYRLINE[YYN] -- Source line where rule number YYN was defined.  */
static const yytype_int16 yyrline[] =
{
       0,   160,   160,   159,   171,   170,   181,   180,   194,   193,
     207,   206,   220,   219,   230,   229,   243,   245,   250,   258,
     262,   269,   274,   281,   287,   291,   293,   290,   300,   301,
     311,   312,   321,   325,   329,   336,   346,   348,   361,   358,
     382,   377,   407,   418,   427,   426,   437,   443,   449,   454,
     456,   458,   465,   473,   475,   472,   492,   497,   506,   513,
     512,   527,   535,   542,   541,   556,   563,   562,   578,   577,
     599,   603,   607,   611,   617,   625,   643,   644,   648,   652,
     654,   656,   658,   660,   662,   664,   667,   673,   674,   679,
     690,   691,   696,   698,   703,   710,   711,   715,   719,   723,
     728,   732,   736,   737,   740,   746,   751,   757,   758,   763,
     764,   769,   770,   777,   782,   784,   795,   797,   802,   804,
     808,   828,   829,   831,   844,   904,   906,   912,   914,   918,
     924,   925,   930,   931,   935,   939,   939,  1006,  1007,  1012,
    1024,  1025,  1029,  1040,  1042,  1044,  1046,  1048,  1052,  1054,
    1059,  1063,  1067,  1071,  1077,  1082,  1088,  1094,  1096,  1098,
    1101,  1100,  1111,  1112,  1116,  1120,  1123,  1128,  1133,  1136,
    1140,  1144,  1150,  1158,  1165,  1171,  1173,  1175,  1180,  1182,
    1184,  1186,  1188,  1190,  1195,  1197,  1199,  1201,  1203,  1205,
    1207,  1209,  1211,  1213,  1215,  1217,  1219,  1221,  1223,  1225,
    1229,  1231,  1233,  1235,  1237,  1241,  1243,  1247,  1249,  1251,
    1253,  1257,  1259,  1264,  1266,  1269,  1271,  1273,  1276,  1279,
    1290,  1293,  1301,  1303,  1305,  1308,  1312,  1311,  1327,  1329,
    1333,  1334,  1335,  1336,  1337,  1339,  1341,  1343,  1345,  1347,
    1349,  1351,  1353,  1355,  1357,  1359,  1361,  1363,  1373,  1383,
    1393,  1403,  1405,  1407,  1410,  1415,  1419,  1421,  1423,  1425,
    1428,  1430,  1433,  1435,  1437,  1439,  1441,  1443,  1445,  1447,
    1449,  1452,  1454,  1456,  1458,  1460,  1462,  1466,  1469,  1468,
    1481,  1482,  1483,  1488,  1490,  1492,  1494,  1499,  1501,  1504,
    1506,  1508,  1514,  1516,  1518,  1523,  1525,  1527,  1531,  1541,
    1540,  1560,  1561,  1565,  1566,  1570,  1571,  1576,  1581,  1583,
    1587,  1590,  1594,  1595,  1596,  1599,  1600,  1603,  1604,  1607,
    1611,  1615,  1621,  1627,  1629,  1633,  1637,  1638,  1642,  1643,
    1647,  1648,  1653,  1655,  1657,  1660
};
#endif

#if YYDEBUG || YYERROR_VERBOSE || 0
/* YYTNAME[SYMBOL-NUM] -- String name of the symbol SYMBOL-NUM.
   First, the terminals, then, starting at YYNTOKENS, nonterminals.  */
static const char *const yytname[] =
{
  "$end", "error", "$undefined", "GRAMPROG", "GRAMEXPR", "GRAMBLOCK",
  "GRAMBARESTMT", "GRAMFULLSTMT", "GRAMSTMTSEQ", "GRAMSUBSIGNATURE",
  "PERLY_AMPERSAND", "PERLY_BRACE_OPEN", "PERLY_BRACE_CLOSE",
  "PERLY_BRACKET_OPEN", "PERLY_BRACKET_CLOSE", "PERLY_COMMA",
  "PERLY_DOLLAR", "PERLY_DOT", "PERLY_EQUAL_SIGN", "PERLY_MINUS",
  "PERLY_PERCENT_SIGN", "PERLY_PLUS", "PERLY_SEMICOLON", "PERLY_SLASH",
  "PERLY_SNAIL", "PERLY_STAR", "KW_FORMAT", "KW_PACKAGE", "KW_CLASS",
  "KW_LOCAL", "KW_MY", "KW_FIELD", "KW_IF", "KW_ELSE", "KW_ELSIF",
  "KW_UNLESS", "KW_FOR", "KW_UNTIL", "KW_WHILE", "KW_CONTINUE", "KW_GIVEN",
  "KW_WHEN", "KW_DEFAULT", "KW_TRY", "KW_CATCH", "KW_FINALLY", "KW_DEFER",
  "KW_REQUIRE", "KW_DO", "KW_USE_or_NO", "KW_SUB_named",
  "KW_SUB_named_sig", "KW_SUB_anon", "KW_SUB_anon_sig", "KW_METHOD_named",
  "KW_METHOD_anon", "BAREWORD", "METHCALL0", "METHCALL", "THING", "PMFUNC",
  "PRIVATEREF", "QWLIST", "FUNC0OP", "FUNC0SUB", "UNIOPSUB", "LSTOPSUB",
  "PLUGEXPR", "PLUGSTMT", "LABEL", "LOOPEX", "DOTDOT", "YADAYADA", "FUNC0",
  "FUNC1", "FUNC", "UNIOP", "LSTOP", "POWOP", "MULOP", "ADDOP", "DOLSHARP",
  "HASHBRACK", "NOAMP", "COLONATTR", "FORMLBRACK", "FORMRBRACK",
  "SUBLEXSTART", "SUBLEXEND", "PREC_LOW", "PLUGIN_LOW_OP", "OROP",
  "PLUGIN_LOGICAL_OR_LOW_OP", "ANDOP", "PLUGIN_LOGICAL_AND_LOW_OP",
  "NOTOP", "ASSIGNOP", "PLUGIN_ASSIGN_OP", "PERLY_QUESTION_MARK",
  "PERLY_COLON", "OROR", "DORDOR", "PLUGIN_LOGICAL_OR_OP", "ANDAND",
  "PLUGIN_LOGICAL_AND_OP", "BITOROP", "BITANDOP", "CHEQOP", "NCEQOP",
  "CHRELOP", "NCRELOP", "PLUGIN_REL_OP", "SHIFTOP", "PLUGIN_ADD_OP",
  "PLUGIN_MUL_OP", "MATCHOP", "PERLY_EXCLAMATION_MARK", "PERLY_TILDE",
  "UMINUS", "REFGEN", "PLUGIN_POW_OP", "PREINC", "PREDEC", "POSTINC",
  "POSTDEC", "POSTJOIN", "PLUGIN_HIGH_OP", "ARROW", "PERLY_PAREN_CLOSE",
  "PERLY_PAREN_OPEN", "$accept", "grammar", "@1", "@2", "@3", "@4", "@5",
  "@6", "@7", "sigsub_or_method_named", "block", "empty", "formblock",
  "remember", "mblock", "mremember", "catch_paren", "$@8", "$@9",
  "stmtseq", "formstmtseq", "fullstmt", "labfullstmt", "barestmt", "$@10",
  "$@11", "$@12", "$@13", "$@14", "@15", "$@16", "$@17", "$@18",
  "formline", "formarg", "condition", "sideff", "else", "cont", "finally",
  "mintro", "nexpr", "texpr", "iexpr", "mexpr", "mnexpr", "formname",
  "startsub", "startanonsub", "startformsub", "subname", "proto",
  "subattrlist", "myattrlist", "sigvarname", "sigslurpsigil",
  "sigslurpelem", "sigdefault", "sigscalarelem", "sigelem", "siglist",
  "optsiglist", "optsubsignature", "subsignature", "subsigguts", "$@19",
  "optsubbody", "subbody", "optsigsubbody", "sigsubbody", "expr",
  "listexpr", "listop", "@20", "methodname", "subscripted", "termbinop",
  "termrelop", "relopchain", "termeqop", "eqopchain", "termunop",
  "anonymous", "$@21", "termdo", "term", "@22", "myattrterm", "myterm",
  "fieldvar", "optfieldattrlist", "fielddecl", "$@23", "optlistexpr",
  "optexpr", "optrepl", "my_scalar", "list_of_scalars",
  "my_list_of_scalars", "my_var", "refgen_topic", "my_refgen", "amper",
  "scalar", "ary", "hsh", "arylen", "star", "sliceme", "kvslice", "gelem",
  "indirob", YY_NULLPTR
};
#endif

# ifdef YYPRINT
/* YYTOKNUM[NUM] -- (External) token number corresponding to the
   (internal) symbol number NUM (which must be that of a token).  */
static const yytype_int16 yytoknum[] =
{
       0,   256,   257,   258,   259,   260,   261,   262,   263,   264,
     265,   266,   267,   268,   269,   270,   271,   272,   273,   274,
     275,   276,   277,   278,   279,   280,   281,   282,   283,   284,
     285,   286,   287,   288,   289,   290,   291,   292,   293,   294,
     295,   296,   297,   298,   299,   300,   301,   302,   303,   304,
     305,   306,   307,   308,   309,   310,   311,   312,   313,   314,
     315,   316,   317,   318,   319,   320,   321,   322,   323,   324,
     325,   326,   327,   328,   329,   330,   331,   332,   333,   334,
     335,   336,   337,   338,   339,   340,   341,   342,   343,   344,
     345,   346,   347,   348,   349,   350,   351,   352,   353,   354,
     355,   356,   357,   358,   359,   360,   361,   362,   363,   364,
     365,   366,   367,   368,   369,   370,   371,   372,   373,   374,
     375,   376,   377,   378,   379,   380,   381,   382,   383,   384
};
# endif

#define YYPACT_NINF (-548)

#define yypact_value_is_default(Yyn) \
  ((Yyn) == YYPACT_NINF)

#define YYTABLE_NINF (-334)

#define yytable_value_is_error(Yyn) \
  ((Yyn) == YYTABLE_NINF)

  /* YYPACT[STATE-NUM] -- Index in YYTABLE of the portion describing
     STATE-NUM.  */
static const yytype_int16 yypact[] =
{
     498,  -548,  -548,  -548,  -548,  -548,  -548,  -548,    38,  -548,
    2934,    63,  1920,  1806,  -548,  -548,  -548,  -548,   343,  2934,
     343,  2934,   343,  2934,   343,   343,  2934,    16,  2934,  2232,
    -548,  -548,  -548,  -548,   343,   343,  -548,  -548,    64,   -73,
    -548,  2934,  -548,  -548,  2934,   -49,   -38,   -53,  2232,  2154,
     343,  2934,    14,  2934,  2934,  2934,  2934,  2934,  2934,  2310,
    -548,   474,   101,  -548,     2,  -548,    95,    -8,   157,    47,
    -548,  -548,  -548,  3120,  -548,  -548,    15,    24,    86,   168,
    -548,   110,   190,   208,   158,  -548,  -548,  -548,  -548,  -548,
     124,   130,   307,    62,    67,    33,    89,    98,   121,   132,
      63,   222,   222,  -548,    14,  -548,  -548,  -548,   230,    14,
     228,  -548,   259,   406,   265,  1806,  -548,  -548,  -548,  -548,
     772,  -548,   367,   886,  -548,  -548,  -548,  -548,  -548,   282,
    -548,   329,  -548,   329,  -548,  -548,  3513,  3012,  2388,   225,
    -548,  -548,  -548,  3513,  -548,  3513,   246,   226,  -548,  2934,
     177,   229,  2934,   189,  3513,    63,  3120,   194,  2466,  2934,
    2154,  -548,  3513,  3090,  -548,   101,  -548,  2544,  2934,  -548,
     306,  -548,  -548,  2934,   101,   329,   329,   329,   385,   385,
     316,    96,  2934,  2934,  2934,  2934,  2934,  2934,  2934,  2622,
    -548,  -548,  2934,  -548,  -548,  2934,  2934,  2934,  2934,  2934,
    2934,  2934,  2934,  2934,  2934,  2934,  2934,  2934,  2934,  2934,
    2934,  2934,  2934,  2934,  2934,  2934,  2934,  2934,  2934,  2934,
    2934,  -548,  -548,  -548,  2934,   182,  2700,  2934,  2934,  2934,
    2934,  2934,  2934,  2934,  -548,   292,   297,   299,   277,  -548,
    -548,  -548,  -548,  -548,   243,   441,  -548,  -548,   255,  -548,
    -548,  -548,  -548,  -548,  -548,   338,  -548,  -548,  -548,  -548,
    -548,    63,  -548,  -548,  -548,  2934,  2934,  2934,  2934,  2934,
    2934,  -548,  -548,  -548,  -548,   331,  -548,  -548,  -548,   331,
    -548,  -548,  -548,   375,  -548,  -548,  2778,   329,   225,    39,
      40,    56,  -548,   241,   336,  -548,  -548,  -548,   226,   339,
    -548,  -548,   226,  -548,  2934,  2934,    12,  -548,  -548,  -548,
    -548,   253,   313,   274,  2934,   101,   393,  -548,  2934,   396,
     180,   180,  -548,  -548,  3220,    91,    34,  -548,   322,   542,
    3475,  3320,   329,   308,   416,  3170,  3220,  3220,   602,  3358,
    3358,  3358,  3396,  3396,  3418,  3456,  3475,  3475,   542,   542,
    3494,  3532,   416,   308,   329,   329,   163,   392,  2934,  2934,
     347,   394,   400,   414,  -548,   420,  2856,   289,  -548,  -548,
     389,   178,    74,   227,    79,   258,    84,   273,  1008,  -548,
    -548,   403,    36,    43,   387,  -548,   364,  2934,  2934,  -548,
     -14,  -548,  -548,   334,  -548,  -548,  -548,  -548,  1998,   307,
    -548,  2934,  2934,  2934,  2934,  -548,  -548,   411,  -548,  -548,
    -548,  -548,   474,  -548,  -548,  -548,   474,  -548,  -548,  -548,
     372,   372,   367,    -1,   427,  -548,  -548,  -548,  -548,  -548,
     341,  -548,   455,   356,    45,  -548,  2934,  -548,  -548,  -548,
     548,  -548,   119,  2934,   476,  -548,  -548,  2934,  -548,   285,
     185,  -548,  -548,  -548,  -548,  -548,  -548,   567,  2934,  -548,
     481,  -548,   484,  -548,   501,  -548,   503,  -548,  -548,  -548,
    -548,  -548,  -548,  -548,  -548,  -548,   358,   474,   397,   510,
     404,  -548,  -548,  -548,  -548,  -548,   407,   512,   123,  -548,
    2934,   409,   422,   474,   424,   425,  1122,   415,   500,   246,
     226,  2934,  -548,  -548,  -548,  -548,    30,   521,  -548,  -548,
    -548,   543,  -548,  -548,  -548,  -548,  -548,  2934,  -548,   469,
    -548,  -548,  -548,   221,  -548,  3270,   550,  -548,  -548,   432,
    -548,  -548,  -548,  -548,   553,  -548,  -548,  2934,   222,   222,
     555,   445,  -548,  2934,  2934,   222,  -548,   447,   450,  -548,
    -548,   222,   222,  -548,  -548,  -548,  -548,  2934,   226,   455,
    3120,  -548,   453,  -548,   474,  -548,  -548,  -548,  -548,   497,
    -548,  -548,  3120,   250,   250,   510,   457,   459,   461,   228,
    2934,  2934,   222,   222,   222,  -548,  -548,   510,   222,   568,
     569,  -548,  1236,  -548,  1350,  -548,  1464,  1578,   222,   465,
    -548,  -548,  -548,  -548,  2934,   222,   222,  -548,   574,   470,
     228,   228,   228,  -548,   552,  -548,  -548,  -548,  -548,  -548,
    -548,  -548,     7,  -548,  -548,  -548,  2934,   482,   228,   228,
    -548,   222,  -548,  -548,  -548,   483,    63,  -548,   587,   528,
    -548,   488,   222,  -548,  -548,  -548,   228,  -548,  -548,  -548,
    -548,  -548,  -548,   222,   228,  2076,  -548,  1692,   250,  -548,
     489,  -548,  -548,   222,  -548
};

  /* YYDEFACT[STATE-NUM] -- Default reduction number in state STATE-NUM.
     Performed when YYTABLE does not specify something else to do.  Zero
     means the default is an error.  */
static const yytype_int16 yydefact[] =
{
       0,     2,     4,     6,     8,    10,    12,    14,     0,    21,
      19,     0,     0,     0,    19,   135,     1,    19,     0,    19,
       0,     0,     0,     0,     0,     0,     0,     0,   267,     0,
     105,   105,   105,   280,     0,     0,   251,   278,   239,   273,
     275,   269,   105,   282,   261,   271,     0,     0,   264,    19,
       0,    19,     0,     0,     0,     0,     0,     0,     0,     0,
     303,   304,   147,   281,   246,   230,   188,   200,   189,   207,
     231,   232,   233,   150,   236,     5,   252,   241,   244,   243,
     245,   242,     0,     0,     0,    21,     7,    79,    74,   106,
       0,     0,     0,     0,     0,     0,     0,     0,     0,     0,
       0,     0,     0,   104,     0,    16,    17,    36,     0,     0,
      19,     9,     0,    80,     0,     0,    11,    33,    32,    28,
       0,    15,    19,     0,   332,   335,   334,   333,   319,     0,
     320,   213,   322,   214,   321,   325,   237,     0,     0,   284,
     289,   291,   290,   268,   229,   228,    19,    19,   226,    19,
       0,     0,     0,     0,   270,     0,   262,     0,     0,    19,
      19,   265,   266,   280,   301,   302,   157,   241,     0,   323,
       0,   107,   108,    19,   263,   215,   216,   235,   220,   221,
     240,     0,     0,     0,     0,     0,   148,     0,     0,     0,
     203,   202,     0,   210,   209,     0,     0,     0,     0,     0,
       0,     0,     0,     0,     0,     0,     0,     0,     0,     0,
       0,     0,     0,     0,     0,     0,     0,     0,     0,     0,
       0,   217,   218,   219,     0,     0,     0,     0,     0,     0,
       0,     0,     0,     0,    19,    19,     0,     0,    19,   292,
     294,   293,    21,    21,    21,     0,    21,    21,     0,    21,
      21,    21,    21,    50,    23,     0,    72,    44,   104,    73,
     104,     0,    90,    65,    71,     0,     0,     0,     0,     0,
       0,    70,    35,    34,    29,   116,   119,   118,   130,   116,
     126,   125,   129,   131,   136,   222,     0,   286,     0,   241,
     244,   243,   288,     0,   115,   283,   110,   109,    19,   113,
     111,    21,    19,   155,    19,     0,     0,   274,   160,   272,
     276,     0,     0,     0,     0,   151,     0,   255,     0,   238,
     145,   146,   143,   144,   149,     0,     0,   174,     0,   206,
     212,   192,   181,   183,   185,   199,   179,   180,     0,   195,
     197,   196,   193,   194,   191,   190,   211,   208,   205,   201,
     204,   187,   186,   184,   198,   182,   178,     0,     0,     0,
       0,   329,   327,   331,   162,     0,     0,   154,   163,   253,
       0,     0,     0,     0,     0,     0,     0,     0,     0,   102,
     103,     0,     0,     0,   296,   297,   298,     0,     0,   317,
       0,   318,   315,     0,   316,   312,   313,   314,     0,     0,
      21,     0,    97,     0,     0,    19,    21,     0,    38,    40,
      91,    81,    78,    82,    85,    84,    99,    83,    86,   117,
      19,    19,   127,   240,     0,   285,   287,   114,    21,   112,
      19,   225,    21,     0,    19,   176,    19,   277,   159,   158,
       0,   223,     0,     0,     0,   167,   173,     0,   259,     0,
       0,   256,   258,   257,   260,   324,   171,     0,    19,   254,
       0,   165,     0,   247,     0,   248,     0,    18,    21,    37,
      21,    42,    21,    43,   295,   299,     0,   100,     0,     0,
       0,   307,    21,    95,    96,   101,     0,     0,    80,    59,
       0,     0,     0,    98,     0,     0,     0,    19,     0,    19,
      19,   122,   121,   124,   120,   128,   238,     0,   224,   135,
     132,     0,   133,   141,   227,   140,   156,     0,   305,     0,
     161,   152,   177,     0,   170,   234,     0,   166,   172,     0,
     168,   249,   250,   164,     0,    66,    68,     0,     0,     0,
     311,     0,   310,     0,     0,     0,    53,     0,     0,    94,
      94,     0,     0,    22,    25,    24,    63,    19,    19,    21,
     123,    19,     0,    19,   306,   279,   175,   169,   153,     0,
      19,    19,   300,    19,    19,   308,     0,     0,     0,    19,
      97,     0,     0,     0,     0,    48,    49,     0,     0,     0,
      21,    41,     0,   134,     0,    19,     0,     0,     0,     0,
      87,    46,    47,   309,     0,     0,     0,    62,     0,     0,
      19,    19,    19,    26,    92,    45,   138,    39,   137,   139,
     142,    30,     0,    67,    69,    88,     0,     0,    19,    19,
      54,     0,    58,    52,    51,     0,     0,    64,     0,    19,
      31,     0,     0,    56,    61,    94,    19,    27,    93,    20,
      19,    76,    75,     0,    19,     0,    60,     0,    19,    57,
       0,    77,    89,     0,    55
};

  /* YYPGOTO[NTERM-NUM].  */
static const yytype_int16 yypgoto[] =
{
    -548,  -548,  -548,  -548,  -548,  -548,  -548,  -548,  -548,  -548,
      -4,   -10,  -548,    -6,   -60,  -548,  -548,  -548,  -548,   -12,
    -548,   610,   511,     5,  -548,  -548,  -548,  -548,  -548,  -548,
    -548,  -548,  -548,  -548,  -548,   104,  -387,  -547,  -286,  -548,
    -528,  -548,    48,   224,  -296,   -28,  -548,   -26,   115,  -548,
      44,   131,  -292,   345,   352,  -548,  -548,   213,  -548,   215,
    -548,  -548,  -548,  -548,   126,  -548,  -548,    53,    87,   346,
      71,   -30,  -548,  -548,  -548,  -548,  -548,  -548,  -548,  -548,
    -548,  -548,  -548,  -548,  -548,   551,  -548,  -548,   513,  -548,
    -548,  -548,  -548,  -145,   -18,  -548,  -548,  -548,  -548,   264,
    -548,  -548,   419,    37,   -19,    -3,  -548,  -548,  -548,  -548,
    -548,    60
};

  /* YYDEFGOTO[NTERM-NUM].  */
static const yytype_int16 yydefgoto[] =
{
      -1,     8,     9,    10,    11,    12,    13,    14,    15,   109,
     110,   119,   469,   430,   255,   405,   556,   587,   635,   120,
     622,   274,   117,   118,   499,   500,   407,   580,   645,   547,
     588,   570,   571,   640,   652,   411,   112,   601,   263,   637,
     583,   485,   492,   415,   476,   487,   381,   257,   146,   235,
     173,   298,   301,   295,   420,   279,   280,   503,   281,   282,
     283,   284,   511,   512,   121,   122,   617,   508,   514,   515,
     113,    62,    63,   436,   367,    64,    65,    66,    67,    68,
      69,    70,    71,   302,    72,    73,   151,    74,   139,   238,
     386,   114,   537,   166,    75,   519,   480,   540,   541,   392,
     393,   247,    76,    77,    78,    79,    80,    81,    82,    83,
      84,   130
};

  /* YYTABLE[YYPACT[STATE-NUM]] -- What to do in state STATE-NUM.  If
     positive, shift that token.  If negative, reduce the rule whose
     number is the opposite.  If YYTABLE_NINF, syntax error.  */
static const yytype_int16 yytable[] =
{
      60,   129,    20,    17,   303,   123,   428,    86,   141,    60,
     432,   484,   318,   187,   126,   188,   126,   111,   126,   165,
     126,   126,   584,   174,   142,   144,   435,   602,   317,   638,
     126,   126,    20,   170,   159,   227,    22,   228,    16,   164,
      24,    60,   256,   443,   161,   126,   126,   470,   445,    20,
     227,  -326,   228,  -326,   472,   127,   153,   127,   471,   127,
     186,   127,   127,   244,   140,   473,   639,  -328,   517,  -328,
     171,   127,   127,   240,    85,   172,   160,   152,   128,   234,
     157,    61,   132,  -288,   134,   135,   167,   127,   461,   241,
      61,   158,   478,   463,   149,   150,   253,  -326,   465,  -326,
     262,   192,   486,   182,   183,   184,   185,   494,   495,   168,
     169,   662,   278,   444,  -287,   479,   186,   655,   290,   165,
     273,  -330,    61,  -289,  -291,   182,   183,   184,   185,   239,
     181,   189,   248,   522,   291,   137,   297,   300,   315,   164,
    -290,   312,   313,   165,   226,   138,   147,   148,   258,    60,
      60,   308,   245,   260,   195,   265,   126,   155,   266,   267,
     268,   269,   246,   164,   270,   182,   183,   184,   185,   233,
     182,   183,   184,   185,   289,   182,   183,   184,   185,  -328,
     236,  -328,   182,   183,   184,   185,   237,   182,   183,   184,
     185,   242,   357,   358,   548,   359,   243,   167,   360,   527,
     460,   229,   361,   230,   190,   191,   362,   363,   559,   293,
     182,   183,   184,   185,   182,   183,   184,   185,   249,   231,
     314,   232,   378,   306,   319,   380,   396,   250,   385,   311,
      61,    61,   408,   254,   409,   566,   387,   388,   390,   364,
     398,   399,   397,   401,   402,   403,   404,   577,   578,   462,
     251,  -100,   259,   320,   321,   322,   323,   410,   325,   326,
     328,   252,   368,   365,   193,   194,   590,   261,   484,   182,
     183,   184,   185,   184,   185,   434,   182,   183,   184,   185,
     464,   264,   395,   598,   599,   609,   433,   271,   300,  -334,
     225,   520,   300,   607,    60,   466,   285,   370,   371,   372,
     373,   374,   375,   376,   377,   296,   304,   526,   627,   294,
     299,   366,   182,   183,   184,   185,   305,   307,   182,   183,
     184,   185,   309,    20,   632,   633,   634,    22,   316,   318,
     641,    24,   182,   183,   184,   185,   412,   412,   412,   416,
     412,   412,   643,   644,   182,   183,   184,   185,   379,   182,
     183,   184,   185,   382,    85,   383,   126,   424,    85,    20,
     656,   384,   389,    20,   182,   183,   184,   185,   659,   426,
     413,   414,   451,   417,   418,    61,   182,   183,   184,   185,
     396,   437,   406,   275,   400,   440,   197,   276,   483,   442,
     422,   277,   419,   496,   490,   427,   397,   127,   429,   124,
     497,   438,   439,   124,   125,   441,   165,   197,   125,   443,
     502,   502,   589,   182,   183,   184,   185,   448,   458,   452,
     510,   468,   507,   219,   518,   453,   164,   481,   220,   449,
     450,   221,   222,   223,   224,   225,   395,   457,   265,   454,
     529,   266,   267,   268,   269,   455,   474,   270,    60,   220,
     446,    18,   221,   222,   223,   224,   225,    20,   477,   477,
     475,    22,   534,   482,   535,    24,   536,   498,   501,   488,
     509,   391,   416,   493,   477,   477,   544,   513,   573,   574,
     182,   183,   184,   185,   516,   579,   538,   555,   524,   297,
     300,   585,   586,   530,   197,   198,   531,   182,   183,   184,
     185,     1,     2,     3,     4,     5,     6,     7,  -334,  -334,
    -334,   224,   225,   532,   523,   533,   542,   459,   182,   183,
     184,   185,   610,   611,   612,   539,    20,   165,   614,    61,
     218,   219,   561,   543,   546,   545,   220,   549,   625,   221,
     222,   223,   224,   225,   554,   628,   629,   164,   300,   592,
     550,   594,   551,   552,   563,   506,   557,   565,   596,   597,
     568,   477,   567,   600,   600,   182,   183,   184,   185,   262,
     575,   646,   131,   576,   133,   569,   581,   136,   582,   143,
     145,   593,   654,   595,   507,   621,   604,   605,   564,   606,
     615,   616,   154,   658,   626,   156,   630,   636,   631,   162,
     262,   262,   262,   664,   649,   175,   176,   177,   178,   179,
     642,   647,   603,   650,   477,   477,   653,   663,   262,   262,
     197,   198,   199,   116,   613,   491,   272,   660,   608,   651,
     558,   421,   648,   425,   504,   562,   262,   505,   657,   182,
     183,   184,   185,   618,   262,   483,   591,   431,   600,     0,
     288,   493,   477,   215,   216,   217,   218,   219,   182,   183,
     184,   185,   220,   489,   394,   221,   222,   223,   224,   225,
       0,     0,     0,   196,     0,   477,   521,     0,     0,     0,
     197,   198,   199,     0,     0,     0,     0,     0,   287,     0,
       0,     0,   200,     0,     0,   528,     0,   477,   201,   202,
     203,   447,   204,   205,   206,   207,   208,   209,   210,   211,
     212,   213,   214,   215,   216,   217,   218,   219,     0,     0,
       0,     0,   220,     0,     0,   221,   222,   223,   224,   225,
       0,     0,     0,     0,     0,     0,     0,   324,     0,     0,
       0,     0,     0,   329,     0,     0,   330,   331,   332,   333,
     334,   335,   336,   337,   338,   339,   340,   341,   342,   343,
     344,   345,   346,   347,   348,   349,   350,   351,   352,   353,
     354,   355,   -13,    87,     0,   356,     0,     0,     0,     0,
       0,     0,    18,    85,     0,    19,     0,     0,    20,     0,
       0,    21,    22,    23,    88,     0,    24,    25,    89,    90,
      91,    26,    27,    92,    93,     0,     0,    94,    95,    96,
      97,     0,    98,    99,   100,   101,     0,     0,   102,    28,
      29,   103,   104,   105,    30,    31,   106,    32,    33,    34,
      35,    36,    37,     0,    38,    39,    40,    41,    42,    43,
     107,   115,    44,     0,   108,    45,    46,    47,    48,    49,
       0,     0,     0,    50,    51,    52,     0,     0,     0,     0,
       0,     0,     0,     0,     0,     0,     0,    53,     0,     0,
       0,     0,     0,     0,     0,     0,     0,     0,     0,     0,
       0,     0,     0,     0,     0,     0,    -3,    87,    54,    55,
       0,    56,     0,    57,    58,     0,    18,    85,     0,    19,
       0,    59,    20,     0,     0,    21,    22,    23,    88,     0,
      24,    25,    89,    90,    91,    26,    27,    92,    93,     0,
       0,    94,    95,    96,    97,     0,    98,    99,   100,   101,
       0,     0,   102,    28,    29,   103,   104,   105,    30,    31,
     106,    32,    33,    34,    35,    36,    37,     0,    38,    39,
      40,    41,    42,    43,   107,   115,    44,     0,   108,    45,
      46,    47,    48,    49,     0,     0,     0,    50,    51,    52,
       0,     0,     0,     0,     0,     0,     0,     0,     0,     0,
       0,    53,     0,     0,     0,     0,     0,     0,     0,     0,
       0,     0,     0,     0,     0,     0,     0,     0,   525,     0,
       0,     0,    54,    55,     0,    56,     0,    57,    58,    87,
       0,     0,     0,     0,     0,    59,     0,     0,    18,    85,
     467,    19,     0,     0,    20,     0,     0,    21,    22,    23,
      88,     0,    24,    25,    89,    90,    91,    26,    27,    92,
      93,     0,     0,    94,    95,    96,    97,     0,    98,    99,
     100,   101,   560,     0,   102,    28,    29,   103,   104,   105,
      30,    31,   106,    32,    33,    34,    35,    36,    37,     0,
      38,    39,    40,    41,    42,    43,   107,   115,    44,     0,
     108,    45,    46,    47,    48,    49,     0,     0,   572,    50,
      51,    52,     0,     0,     0,     0,     0,     0,     0,     0,
       0,     0,     0,    53,     0,     0,     0,     0,     0,     0,
       0,     0,     0,     0,     0,     0,     0,     0,     0,     0,
       0,     0,     0,    87,    54,    55,     0,    56,     0,    57,
      58,     0,    18,    85,   553,    19,     0,    59,    20,     0,
       0,    21,    22,    23,    88,     0,    24,    25,    89,    90,
      91,    26,    27,    92,    93,     0,     0,    94,    95,    96,
      97,     0,    98,    99,   100,   101,     0,     0,   102,    28,
      29,   103,   104,   105,    30,    31,   106,    32,    33,    34,
      35,    36,    37,     0,    38,    39,    40,    41,    42,    43,
     107,   115,    44,     0,   108,    45,    46,    47,    48,    49,
       0,     0,     0,    50,    51,    52,     0,     0,     0,     0,
       0,     0,     0,     0,     0,     0,     0,    53,     0,     0,
       0,     0,     0,     0,     0,     0,     0,     0,     0,     0,
       0,     0,     0,     0,     0,     0,     0,    87,    54,    55,
       0,    56,     0,    57,    58,     0,    18,    85,   619,    19,
       0,    59,    20,     0,     0,    21,    22,    23,    88,     0,
      24,    25,    89,    90,    91,    26,    27,    92,    93,     0,
       0,    94,    95,    96,    97,     0,    98,    99,   100,   101,
       0,     0,   102,    28,    29,   103,   104,   105,    30,    31,
     106,    32,    33,    34,    35,    36,    37,     0,    38,    39,
      40,    41,    42,    43,   107,   115,    44,     0,   108,    45,
      46,    47,    48,    49,     0,     0,     0,    50,    51,    52,
       0,     0,     0,     0,     0,     0,     0,     0,     0,     0,
       0,    53,     0,     0,     0,     0,     0,     0,     0,     0,
       0,     0,     0,     0,     0,     0,     0,     0,     0,     0,
       0,    87,    54,    55,     0,    56,     0,    57,    58,     0,
      18,    85,   620,    19,     0,    59,    20,     0,     0,    21,
      22,    23,    88,     0,    24,    25,    89,    90,    91,    26,
      27,    92,    93,     0,     0,    94,    95,    96,    97,     0,
      98,    99,   100,   101,     0,     0,   102,    28,    29,   103,
     104,   105,    30,    31,   106,    32,    33,    34,    35,    36,
      37,     0,    38,    39,    40,    41,    42,    43,   107,   115,
      44,     0,   108,    45,    46,    47,    48,    49,     0,     0,
       0,    50,    51,    52,     0,     0,     0,     0,     0,     0,
       0,     0,     0,     0,     0,    53,     0,     0,     0,     0,
       0,     0,     0,     0,     0,     0,     0,     0,     0,     0,
       0,     0,     0,     0,     0,    87,    54,    55,     0,    56,
       0,    57,    58,     0,    18,    85,   623,    19,     0,    59,
      20,     0,     0,    21,    22,    23,    88,     0,    24,    25,
      89,    90,    91,    26,    27,    92,    93,     0,     0,    94,
      95,    96,    97,     0,    98,    99,   100,   101,     0,     0,
     102,    28,    29,   103,   104,   105,    30,    31,   106,    32,
      33,    34,    35,    36,    37,     0,    38,    39,    40,    41,
      42,    43,   107,   115,    44,     0,   108,    45,    46,    47,
      48,    49,     0,     0,     0,    50,    51,    52,     0,     0,
       0,     0,     0,     0,     0,     0,     0,     0,     0,    53,
       0,     0,     0,     0,     0,     0,     0,     0,     0,     0,
       0,     0,     0,     0,     0,     0,     0,     0,     0,    87,
      54,    55,     0,    56,     0,    57,    58,     0,    18,    85,
     624,    19,     0,    59,    20,     0,     0,    21,    22,    23,
      88,     0,    24,    25,    89,    90,    91,    26,    27,    92,
      93,     0,     0,    94,    95,    96,    97,     0,    98,    99,
     100,   101,     0,     0,   102,    28,    29,   103,   104,   105,
      30,    31,   106,    32,    33,    34,    35,    36,    37,     0,
      38,    39,    40,    41,    42,    43,   107,   115,    44,     0,
     108,    45,    46,    47,    48,    49,     0,     0,     0,    50,
      51,    52,     0,     0,     0,     0,     0,     0,     0,     0,
       0,     0,     0,    53,     0,     0,     0,     0,     0,     0,
       0,     0,     0,     0,     0,     0,     0,     0,     0,     0,
       0,     0,     0,    87,    54,    55,     0,    56,     0,    57,
      58,     0,    18,    85,     0,    19,     0,    59,    20,     0,
       0,    21,    22,    23,    88,     0,    24,    25,    89,    90,
      91,    26,    27,    92,    93,     0,     0,    94,    95,    96,
      97,     0,    98,    99,   100,   101,     0,     0,   102,    28,
      29,   103,   104,   105,    30,    31,   106,    32,    33,    34,
      35,    36,    37,     0,    38,    39,    40,    41,    42,    43,
     107,   115,    44,     0,   108,    45,    46,    47,    48,    49,
       0,     0,     0,    50,    51,    52,     0,     0,   661,     0,
       0,     0,     0,     0,     0,     0,     0,    53,     0,     0,
       0,     0,     0,     0,     0,     0,     0,     0,     0,     0,
       0,     0,     0,     0,     0,     0,     0,    87,    54,    55,
       0,    56,     0,    57,    58,     0,    18,    85,     0,    19,
       0,    59,    20,     0,     0,    21,    22,    23,    88,     0,
      24,    25,    89,    90,    91,    26,    27,    92,    93,     0,
       0,    94,    95,    96,    97,     0,    98,    99,   100,   101,
       0,     0,   102,    28,    29,   103,   104,   105,    30,    31,
     106,    32,    33,    34,    35,    36,    37,     0,    38,    39,
      40,    41,    42,    43,   107,   115,    44,     0,   108,    45,
      46,    47,    48,    49,     0,     0,     0,    50,    51,    52,
       0,     0,     0,     0,     0,     0,     0,     0,     0,     0,
       0,    53,     0,     0,     0,     0,     0,     0,     0,     0,
       0,     0,     0,     0,     0,     0,     0,     0,     0,     0,
       0,    87,    54,    55,     0,    56,     0,    57,    58,     0,
      18,    85,     0,    19,     0,    59,    20,     0,     0,    21,
      22,    23,    88,     0,    24,    25,    89,    90,    91,    26,
      27,    92,    93,     0,     0,    94,    95,    96,    97,     0,
      98,    99,   100,   101,     0,     0,   102,    28,    29,   103,
     104,   105,    30,    31,   106,    32,    33,    34,    35,    36,
      37,     0,    38,    39,    40,    41,    42,    43,   107,     0,
      44,     0,   108,    45,    46,    47,    48,    49,     0,    87,
       0,    50,    51,    52,     0,     0,     0,     0,    18,     0,
       0,    19,     0,     0,    20,    53,     0,    21,    22,    23,
     -19,     0,    24,    25,     0,     0,     0,    26,    27,     0,
       0,     0,     0,     0,     0,     0,    54,    55,     0,    56,
       0,    57,    58,     0,     0,    28,    29,     0,     0,    59,
      30,    31,     0,    32,    33,    34,    35,    36,    37,     0,
      38,    39,    40,    41,    42,    43,     0,     0,    44,     0,
       0,    45,    46,    47,    48,    49,     0,    87,     0,    50,
      51,    52,     0,     0,     0,     0,    18,     0,     0,    19,
       0,     0,    20,    53,     0,    21,    22,    23,     0,     0,
      24,    25,     0,     0,     0,    26,    27,     0,     0,     0,
       0,     0,     0,     0,    54,    55,     0,    56,     0,    57,
      58,     0,     0,    28,    29,     0,     0,    59,    30,    31,
       0,    32,    33,    34,    35,    36,    37,     0,    38,    39,
      40,    41,    42,    43,     0,     0,    44,     0,     0,    45,
      46,    47,    48,    49,     0,     0,     0,    50,    51,    52,
       0,     0,     0,     0,    18,    85,     0,    19,     0,     0,
      20,    53,     0,    21,    22,    23,     0,     0,    24,    25,
       0,     0,     0,    26,    27,     0,     0,     0,     0,     0,
       0,     0,    54,    55,     0,    56,     0,    57,    58,     0,
       0,    28,    29,     0,   -19,    59,    30,    31,     0,    32,
     163,    34,    35,    36,    37,   125,    38,    39,    40,    41,
      42,    43,     0,     0,    44,     0,     0,    45,    46,    47,
      48,    49,     0,     0,     0,    50,    51,    52,     0,     0,
       0,     0,    18,    85,     0,    19,     0,     0,    20,    53,
       0,    21,    22,    23,     0,     0,    24,    25,     0,     0,
       0,    26,    27,     0,     0,     0,     0,     0,     0,     0,
      54,    55,     0,    56,     0,    57,    58,     0,     0,    28,
      29,     0,     0,    59,    30,    31,     0,    32,    33,    34,
      35,    36,    37,     0,    38,    39,    40,    41,    42,    43,
       0,     0,    44,     0,     0,    45,    46,    47,    48,    49,
       0,     0,     0,    50,    51,    52,     0,     0,     0,     0,
      18,     0,     0,    19,     0,     0,    20,    53,     0,    21,
      22,    23,     0,     0,    24,    25,     0,     0,     0,    26,
      27,     0,     0,     0,     0,     0,     0,     0,    54,    55,
       0,    56,     0,    57,    58,     0,     0,    28,    29,     0,
       0,    59,    30,    31,     0,    32,    33,    34,    35,    36,
      37,     0,    38,    39,    40,    41,    42,    43,     0,     0,
      44,     0,     0,    45,    46,    47,    48,    49,     0,     0,
       0,    50,    51,    52,     0,     0,     0,     0,    18,     0,
       0,    19,     0,     0,    20,    53,     0,    21,    22,    23,
       0,     0,    24,    25,     0,     0,     0,    26,    27,     0,
       0,     0,     0,     0,     0,     0,    54,    55,     0,    56,
       0,    57,    58,     0,     0,    28,    29,     0,   180,    59,
      30,    31,     0,    32,    33,    34,    35,    36,    37,     0,
      38,    39,    40,    41,    42,    43,     0,     0,    44,     0,
       0,    45,    46,    47,    48,    49,     0,     0,     0,    50,
      51,    52,     0,     0,     0,     0,    18,     0,     0,    19,
       0,     0,    20,    53,     0,    21,    22,    23,     0,     0,
      24,    25,     0,     0,     0,    26,    27,     0,     0,     0,
       0,     0,     0,     0,    54,    55,     0,    56,     0,    57,
      58,     0,     0,    28,    29,     0,   292,    59,    30,    31,
       0,    32,    33,    34,    35,    36,    37,     0,    38,    39,
      40,    41,    42,    43,     0,     0,    44,     0,     0,    45,
      46,    47,    48,    49,     0,     0,     0,    50,    51,    52,
       0,     0,     0,     0,  -333,   227,     0,   228,     0,     0,
    -333,    53,     0,  -333,  -333,  -333,     0,     0,  -333,  -333,
       0,     0,     0,  -333,  -333,     0,     0,     0,     0,     0,
       0,     0,    54,    55,     0,    56,     0,    57,    58,     0,
       0,  -333,  -333,     0,   310,    59,  -333,  -333,     0,  -333,
    -333,  -333,  -333,  -333,  -333,     0,  -333,  -333,  -333,  -333,
    -333,  -333,     0,     0,  -333,     0,     0,  -333,  -333,  -333,
    -333,  -333,     0,     0,     0,  -333,  -333,  -333,     0,     0,
       0,     0,    18,     0,     0,    19,     0,     0,    20,  -333,
       0,    21,    22,    23,     0,     0,    24,    25,     0,     0,
       0,    26,    27,     0,     0,     0,     0,     0,     0,     0,
    -333,  -333,     0,  -333,     0,  -333,  -333,     0,     0,    28,
      29,     0,     0,  -333,    30,    31,     0,    32,    33,    34,
      35,    36,    37,     0,    38,    39,    40,    41,    42,    43,
       0,     0,    44,     0,     0,    45,    46,    47,    48,    49,
       0,     0,     0,    50,    51,    52,     0,     0,     0,     0,
      18,     0,     0,    19,     0,     0,    20,    53,     0,    21,
      22,    23,     0,     0,    24,    25,     0,     0,     0,    26,
      27,     0,     0,     0,     0,     0,     0,     0,    54,    55,
       0,    56,     0,    57,    58,     0,     0,    28,    29,     0,
     327,    59,    30,    31,     0,    32,    33,    34,    35,    36,
      37,     0,    38,    39,    40,    41,    42,    43,     0,     0,
      44,     0,     0,    45,    46,    47,    48,    49,     0,     0,
       0,    50,    51,    52,     0,     0,     0,     0,    18,     0,
       0,    19,     0,     0,    20,    53,     0,    21,    22,    23,
       0,     0,    24,    25,     0,     0,     0,    26,    27,     0,
       0,     0,     0,     0,     0,     0,    54,    55,     0,    56,
       0,    57,    58,     0,     0,    28,    29,     0,   369,    59,
      30,    31,     0,    32,    33,    34,    35,    36,    37,     0,
      38,    39,    40,    41,    42,    43,     0,     0,    44,     0,
       0,    45,    46,    47,    48,    49,     0,     0,     0,    50,
      51,    52,     0,     0,     0,     0,    18,     0,     0,    19,
       0,     0,    20,    53,     0,    21,    22,    23,     0,     0,
      24,    25,     0,     0,     0,    26,    27,     0,     0,     0,
       0,     0,     0,     0,    54,    55,     0,    56,     0,    57,
      58,     0,     0,    28,    29,     0,   423,    59,    30,    31,
       0,    32,    33,    34,    35,    36,    37,     0,    38,    39,
      40,    41,    42,    43,     0,     0,    44,     0,     0,    45,
      46,    47,    48,    49,     0,     0,     0,    50,    51,    52,
       0,     0,     0,     0,    18,     0,     0,    19,     0,     0,
      20,    53,     0,    21,    22,    23,     0,     0,    24,    25,
       0,     0,     0,    26,    27,     0,     0,     0,     0,     0,
       0,     0,    54,    55,     0,    56,     0,    57,    58,     0,
       0,    28,    29,     0,   456,    59,    30,    31,     0,    32,
      33,    34,    35,    36,    37,     0,    38,    39,    40,    41,
      42,    43,     0,     0,    44,     0,     0,    45,    46,    47,
      48,    49,     0,     0,     0,    50,    51,    52,     0,     0,
       0,     0,    18,     0,     0,    19,     0,     0,    20,    53,
       0,    21,    22,    23,     0,     0,    24,    25,     0,     0,
       0,    26,    27,     0,     0,     0,     0,     0,     0,     0,
      54,    55,     0,    56,     0,    57,    58,     0,     0,    28,
      29,     0,     0,    59,    30,    31,     0,    32,    33,    34,
      35,    36,    37,     0,    38,    39,    40,    41,    42,    43,
       0,     0,    44,     0,     0,    45,    46,    47,    48,    49,
       0,     0,     0,    50,    51,    52,     0,     0,     0,     0,
    -332,     0,     0,  -332,     0,     0,  -332,    53,     0,  -332,
    -332,  -332,     0,     0,  -332,  -332,     0,     0,     0,  -332,
    -332,     0,     0,     0,     0,     0,     0,     0,    54,    55,
       0,    56,     0,    57,    58,     0,     0,  -332,  -332,     0,
       0,   286,  -332,  -332,     0,  -332,  -332,  -332,  -332,  -332,
    -332,     0,  -332,  -332,  -332,  -332,  -332,  -332,     0,     0,
    -332,     0,     0,  -332,  -332,  -332,  -332,  -332,     0,     0,
       0,  -332,  -332,  -332,     0,     0,     0,     0,     0,     0,
       0,     0,     0,     0,     0,  -332,     0,     0,     0,     0,
       0,   196,     0,     0,     0,     0,     0,     0,   197,   198,
     199,     0,     0,     0,     0,     0,  -332,  -332,     0,  -332,
     200,  -332,  -332,     0,     0,     0,   201,   202,   203,  -332,
     204,   205,   206,   207,   208,   209,   210,   211,   212,   213,
     214,   215,   216,   217,   218,   219,     0,     0,     0,     0,
     220,   196,     0,   221,   222,   223,   224,   225,   197,   198,
     199,     0,     0,     0,     0,     0,     0,     0,     0,     0,
    -334,     0,     0,     0,     0,     0,   201,   202,   203,     0,
     204,   205,   206,   207,   208,   209,   210,   211,   212,   213,
     214,   215,   216,   217,   218,   219,     0,     0,     0,     0,
     220,   196,     0,   221,   222,   223,   224,   225,   197,   198,
     199,     0,     0,     0,     0,     0,     0,     0,     0,     0,
       0,     0,     0,     0,     0,     0,   201,   202,   203,     0,
     204,   205,   206,   207,   208,   209,   210,   211,   212,   213,
     214,   215,   216,   217,   218,   219,     0,     0,     0,     0,
     220,   196,     0,   221,   222,   223,   224,   225,   197,   198,
     199,     0,     0,     0,     0,     0,     0,     0,     0,     0,
       0,     0,     0,     0,     0,     0,     0,     0,   203,     0,
     204,   205,   206,   207,   208,   209,   210,   211,   212,   213,
     214,   215,   216,   217,   218,   219,     0,     0,     0,     0,
     220,  -334,     0,   221,   222,   223,   224,   225,   197,   198,
     199,     0,     0,     0,     0,     0,     0,     0,     0,     0,
       0,     0,     0,     0,     0,     0,     0,     0,     0,     0,
     204,   205,   206,   207,   208,   209,   210,   211,   212,   213,
     214,   215,   216,   217,   218,   219,   197,   198,   199,     0,
     220,     0,     0,   221,   222,   223,   224,   225,     0,     0,
       0,     0,     0,     0,     0,     0,     0,     0,     0,     0,
       0,   207,   208,   209,   210,   211,   212,   213,   214,   215,
     216,   217,   218,   219,   197,   198,   199,     0,   220,     0,
       0,   221,   222,   223,   224,   225,     0,     0,     0,     0,
       0,     0,     0,     0,     0,     0,   197,   198,   199,     0,
       0,   209,   210,   211,   212,   213,   214,   215,   216,   217,
     218,   219,     0,     0,     0,     0,   220,     0,     0,   221,
     222,   223,   224,   225,   210,   211,   212,   213,   214,   215,
     216,   217,   218,   219,   197,   198,   199,     0,   220,     0,
       0,   221,   222,   223,   224,   225,     0,     0,     0,     0,
       0,     0,     0,   197,   198,   199,     0,     0,     0,     0,
       0,     0,     0,   211,   212,   213,   214,   215,   216,   217,
     218,   219,   197,   198,   199,     0,   220,     0,     0,   221,
     222,   223,   224,   225,   213,   214,   215,   216,   217,   218,
     219,   197,   198,   199,     0,   220,     0,     0,   221,   222,
     223,   224,   225,     0,     0,  -334,   216,   217,   218,   219,
     197,   198,   199,     0,   220,     0,     0,   221,   222,   223,
     224,   225,     0,     0,     0,   216,   217,   218,   219,     0,
       0,     0,     0,   220,     0,     0,   221,   222,   223,   224,
     225,     0,     0,     0,     0,   217,   218,   219,     0,     0,
       0,     0,   220,     0,     0,   221,   222,   223,   224,   225
};

static const yytype_int16 yycheck[] =
{
      10,    19,    16,     9,   149,    17,   298,    11,    27,    19,
     302,   398,    13,    11,    18,    13,    20,    12,    22,    49,
      24,    25,   550,    53,    27,    29,    14,   574,   173,    22,
      34,    35,    16,    51,    87,    11,    20,    13,     0,    49,
      24,    51,   102,    13,    48,    49,    50,    11,    14,    16,
      11,    11,    13,    13,    11,    18,   129,    20,    22,    22,
      15,    24,    25,    30,    27,    22,    59,    11,    23,    13,
      56,    34,    35,    92,    11,    61,   129,    13,    18,    85,
     129,    10,    22,    84,    24,    25,    49,    50,    14,    92,
      19,   129,   388,    14,    34,    35,   100,    11,    14,    13,
     110,   109,   398,    91,    92,    93,    94,   403,   404,    49,
      50,   658,   122,    22,    84,   129,    15,   645,   137,   149,
     115,    11,    51,    84,    84,    91,    92,    93,    94,    92,
      59,   129,    95,    14,   137,   119,   146,   147,   168,   149,
      84,   159,   160,   173,   129,   129,    31,    32,   104,   159,
     160,   155,   119,   109,   107,    32,   160,    42,    35,    36,
      37,    38,   129,   173,    41,    91,    92,    93,    94,    11,
      91,    92,    93,    94,   137,    91,    92,    93,    94,    11,
      56,    13,    91,    92,    93,    94,    56,    91,    92,    93,
      94,   129,    10,    11,   490,    13,   129,   160,    16,    14,
      22,    11,    20,    13,   109,   110,    24,    25,   500,   138,
      91,    92,    93,    94,    91,    92,    93,    94,   129,    11,
     160,    13,   234,   152,   128,   235,   245,   129,   238,   158,
     159,   160,   258,    11,   260,    14,   242,   243,   244,    57,
     246,   247,   245,   249,   250,   251,   252,   543,   544,    22,
     129,   128,    22,   182,   183,   184,   185,   261,   187,   188,
     189,   129,   225,    81,   107,   108,   558,    39,   655,    91,
      92,    93,    94,    93,    94,   305,    91,    92,    93,    94,
      22,    22,   245,    33,    34,   581,   304,    22,   298,   126,
     127,   436,   302,   579,   304,    22,    14,   226,   227,   228,
     229,   230,   231,   232,   233,    59,   129,    22,   604,    84,
      84,   129,    91,    92,    93,    94,    87,   128,    91,    92,
      93,    94,   128,    16,   610,   611,   612,    20,    22,    13,
     626,    24,    91,    92,    93,    94,   265,   266,   267,   268,
     269,   270,   628,   629,    91,    92,    93,    94,    56,    91,
      92,    93,    94,    56,    11,    56,   360,   286,    11,    16,
     646,    84,   119,    16,    91,    92,    93,    94,   654,   128,
     266,   267,    25,   269,   270,   304,    91,    92,    93,    94,
     399,   128,    44,    16,   129,   314,    78,    20,   398,   318,
      15,    24,    61,   405,   400,    59,   399,   360,    59,    56,
     406,    88,   128,    56,    61,    12,   436,    78,    61,    13,
     420,   421,   557,    91,    92,    93,    94,    25,   129,    25,
     430,    18,   428,   115,   434,    25,   436,   390,   120,   358,
     359,   123,   124,   125,   126,   127,   399,   366,    32,    25,
     458,    35,    36,    37,    38,    25,    59,    41,   458,   120,
     128,    10,   123,   124,   125,   126,   127,    16,   387,   388,
      96,    20,   468,   129,   470,    24,   472,    56,    96,   398,
     129,    30,   401,   402,   403,   404,   482,    22,   538,   539,
      91,    92,    93,    94,   128,   545,   128,   497,    12,   499,
     500,   551,   552,    12,    78,    79,    12,    91,    92,    93,
      94,     3,     4,     5,     6,     7,     8,     9,   123,   124,
     125,   126,   127,    12,   443,    12,   479,   128,    91,    92,
      93,    94,   582,   583,   584,   128,    16,   557,   588,   458,
     114,   115,    11,   129,    22,   128,   120,   128,   598,   123,
     124,   125,   126,   127,   129,   605,   606,   557,   558,   561,
     128,   563,   128,   128,    11,   128,    56,    88,   570,   571,
     128,   490,    12,   573,   574,    91,    92,    93,    94,   579,
      15,   631,    21,   128,    23,    22,   129,    26,   128,    28,
      29,   128,   642,    86,   590,   595,   129,   128,   517,   128,
      22,    22,    41,   653,   129,    44,    22,    45,   128,    48,
     610,   611,   612,   663,    17,    54,    55,    56,    57,    58,
     128,   128,   575,    85,   543,   544,   128,   128,   628,   629,
      78,    79,    80,    13,   587,   401,   115,   655,   580,   639,
     499,   279,   636,   288,   421,   509,   646,   422,   650,    91,
      92,    93,    94,   590,   654,   655,   559,   301,   658,    -1,
     137,   580,   581,   111,   112,   113,   114,   115,    91,    92,
      93,    94,   120,   399,   245,   123,   124,   125,   126,   127,
      -1,    -1,    -1,    71,    -1,   604,   128,    -1,    -1,    -1,
      78,    79,    80,    -1,    -1,    -1,    -1,    -1,   137,    -1,
      -1,    -1,    90,    -1,    -1,   128,    -1,   626,    96,    97,
      98,    99,   100,   101,   102,   103,   104,   105,   106,   107,
     108,   109,   110,   111,   112,   113,   114,   115,    -1,    -1,
      -1,    -1,   120,    -1,    -1,   123,   124,   125,   126,   127,
      -1,    -1,    -1,    -1,    -1,    -1,    -1,   186,    -1,    -1,
      -1,    -1,    -1,   192,    -1,    -1,   195,   196,   197,   198,
     199,   200,   201,   202,   203,   204,   205,   206,   207,   208,
     209,   210,   211,   212,   213,   214,   215,   216,   217,   218,
     219,   220,     0,     1,    -1,   224,    -1,    -1,    -1,    -1,
      -1,    -1,    10,    11,    -1,    13,    -1,    -1,    16,    -1,
      -1,    19,    20,    21,    22,    -1,    24,    25,    26,    27,
      28,    29,    30,    31,    32,    -1,    -1,    35,    36,    37,
      38,    -1,    40,    41,    42,    43,    -1,    -1,    46,    47,
      48,    49,    50,    51,    52,    53,    54,    55,    56,    57,
      58,    59,    60,    -1,    62,    63,    64,    65,    66,    67,
      68,    69,    70,    -1,    72,    73,    74,    75,    76,    77,
      -1,    -1,    -1,    81,    82,    83,    -1,    -1,    -1,    -1,
      -1,    -1,    -1,    -1,    -1,    -1,    -1,    95,    -1,    -1,
      -1,    -1,    -1,    -1,    -1,    -1,    -1,    -1,    -1,    -1,
      -1,    -1,    -1,    -1,    -1,    -1,     0,     1,   116,   117,
      -1,   119,    -1,   121,   122,    -1,    10,    11,    -1,    13,
      -1,   129,    16,    -1,    -1,    19,    20,    21,    22,    -1,
      24,    25,    26,    27,    28,    29,    30,    31,    32,    -1,
      -1,    35,    36,    37,    38,    -1,    40,    41,    42,    43,
      -1,    -1,    46,    47,    48,    49,    50,    51,    52,    53,
      54,    55,    56,    57,    58,    59,    60,    -1,    62,    63,
      64,    65,    66,    67,    68,    69,    70,    -1,    72,    73,
      74,    75,    76,    77,    -1,    -1,    -1,    81,    82,    83,
      -1,    -1,    -1,    -1,    -1,    -1,    -1,    -1,    -1,    -1,
      -1,    95,    -1,    -1,    -1,    -1,    -1,    -1,    -1,    -1,
      -1,    -1,    -1,    -1,    -1,    -1,    -1,    -1,   447,    -1,
      -1,    -1,   116,   117,    -1,   119,    -1,   121,   122,     1,
      -1,    -1,    -1,    -1,    -1,   129,    -1,    -1,    10,    11,
      12,    13,    -1,    -1,    16,    -1,    -1,    19,    20,    21,
      22,    -1,    24,    25,    26,    27,    28,    29,    30,    31,
      32,    -1,    -1,    35,    36,    37,    38,    -1,    40,    41,
      42,    43,   501,    -1,    46,    47,    48,    49,    50,    51,
      52,    53,    54,    55,    56,    57,    58,    59,    60,    -1,
      62,    63,    64,    65,    66,    67,    68,    69,    70,    -1,
      72,    73,    74,    75,    76,    77,    -1,    -1,   537,    81,
      82,    83,    -1,    -1,    -1,    -1,    -1,    -1,    -1,    -1,
      -1,    -1,    -1,    95,    -1,    -1,    -1,    -1,    -1,    -1,
      -1,    -1,    -1,    -1,    -1,    -1,    -1,    -1,    -1,    -1,
      -1,    -1,    -1,     1,   116,   117,    -1,   119,    -1,   121,
     122,    -1,    10,    11,    12,    13,    -1,   129,    16,    -1,
      -1,    19,    20,    21,    22,    -1,    24,    25,    26,    27,
      28,    29,    30,    31,    32,    -1,    -1,    35,    36,    37,
      38,    -1,    40,    41,    42,    43,    -1,    -1,    46,    47,
      48,    49,    50,    51,    52,    53,    54,    55,    56,    57,
      58,    59,    60,    -1,    62,    63,    64,    65,    66,    67,
      68,    69,    70,    -1,    72,    73,    74,    75,    76,    77,
      -1,    -1,    -1,    81,    82,    83,    -1,    -1,    -1,    -1,
      -1,    -1,    -1,    -1,    -1,    -1,    -1,    95,    -1,    -1,
      -1,    -1,    -1,    -1,    -1,    -1,    -1,    -1,    -1,    -1,
      -1,    -1,    -1,    -1,    -1,    -1,    -1,     1,   116,   117,
      -1,   119,    -1,   121,   122,    -1,    10,    11,    12,    13,
      -1,   129,    16,    -1,    -1,    19,    20,    21,    22,    -1,
      24,    25,    26,    27,    28,    29,    30,    31,    32,    -1,
      -1,    35,    36,    37,    38,    -1,    40,    41,    42,    43,
      -1,    -1,    46,    47,    48,    49,    50,    51,    52,    53,
      54,    55,    56,    57,    58,    59,    60,    -1,    62,    63,
      64,    65,    66,    67,    68,    69,    70,    -1,    72,    73,
      74,    75,    76,    77,    -1,    -1,    -1,    81,    82,    83,
      -1,    -1,    -1,    -1,    -1,    -1,    -1,    -1,    -1,    -1,
      -1,    95,    -1,    -1,    -1,    -1,    -1,    -1,    -1,    -1,
      -1,    -1,    -1,    -1,    -1,    -1,    -1,    -1,    -1,    -1,
      -1,     1,   116,   117,    -1,   119,    -1,   121,   122,    -1,
      10,    11,    12,    13,    -1,   129,    16,    -1,    -1,    19,
      20,    21,    22,    -1,    24,    25,    26,    27,    28,    29,
      30,    31,    32,    -1,    -1,    35,    36,    37,    38,    -1,
      40,    41,    42,    43,    -1,    -1,    46,    47,    48,    49,
      50,    51,    52,    53,    54,    55,    56,    57,    58,    59,
      60,    -1,    62,    63,    64,    65,    66,    67,    68,    69,
      70,    -1,    72,    73,    74,    75,    76,    77,    -1,    -1,
      -1,    81,    82,    83,    -1,    -1,    -1,    -1,    -1,    -1,
      -1,    -1,    -1,    -1,    -1,    95,    -1,    -1,    -1,    -1,
      -1,    -1,    -1,    -1,    -1,    -1,    -1,    -1,    -1,    -1,
      -1,    -1,    -1,    -1,    -1,     1,   116,   117,    -1,   119,
      -1,   121,   122,    -1,    10,    11,    12,    13,    -1,   129,
      16,    -1,    -1,    19,    20,    21,    22,    -1,    24,    25,
      26,    27,    28,    29,    30,    31,    32,    -1,    -1,    35,
      36,    37,    38,    -1,    40,    41,    42,    43,    -1,    -1,
      46,    47,    48,    49,    50,    51,    52,    53,    54,    55,
      56,    57,    58,    59,    60,    -1,    62,    63,    64,    65,
      66,    67,    68,    69,    70,    -1,    72,    73,    74,    75,
      76,    77,    -1,    -1,    -1,    81,    82,    83,    -1,    -1,
      -1,    -1,    -1,    -1,    -1,    -1,    -1,    -1,    -1,    95,
      -1,    -1,    -1,    -1,    -1,    -1,    -1,    -1,    -1,    -1,
      -1,    -1,    -1,    -1,    -1,    -1,    -1,    -1,    -1,     1,
     116,   117,    -1,   119,    -1,   121,   122,    -1,    10,    11,
      12,    13,    -1,   129,    16,    -1,    -1,    19,    20,    21,
      22,    -1,    24,    25,    26,    27,    28,    29,    30,    31,
      32,    -1,    -1,    35,    36,    37,    38,    -1,    40,    41,
      42,    43,    -1,    -1,    46,    47,    48,    49,    50,    51,
      52,    53,    54,    55,    56,    57,    58,    59,    60,    -1,
      62,    63,    64,    65,    66,    67,    68,    69,    70,    -1,
      72,    73,    74,    75,    76,    77,    -1,    -1,    -1,    81,
      82,    83,    -1,    -1,    -1,    -1,    -1,    -1,    -1,    -1,
      -1,    -1,    -1,    95,    -1,    -1,    -1,    -1,    -1,    -1,
      -1,    -1,    -1,    -1,    -1,    -1,    -1,    -1,    -1,    -1,
      -1,    -1,    -1,     1,   116,   117,    -1,   119,    -1,   121,
     122,    -1,    10,    11,    -1,    13,    -1,   129,    16,    -1,
      -1,    19,    20,    21,    22,    -1,    24,    25,    26,    27,
      28,    29,    30,    31,    32,    -1,    -1,    35,    36,    37,
      38,    -1,    40,    41,    42,    43,    -1,    -1,    46,    47,
      48,    49,    50,    51,    52,    53,    54,    55,    56,    57,
      58,    59,    60,    -1,    62,    63,    64,    65,    66,    67,
      68,    69,    70,    -1,    72,    73,    74,    75,    76,    77,
      -1,    -1,    -1,    81,    82,    83,    -1,    -1,    86,    -1,
      -1,    -1,    -1,    -1,    -1,    -1,    -1,    95,    -1,    -1,
      -1,    -1,    -1,    -1,    -1,    -1,    -1,    -1,    -1,    -1,
      -1,    -1,    -1,    -1,    -1,    -1,    -1,     1,   116,   117,
      -1,   119,    -1,   121,   122,    -1,    10,    11,    -1,    13,
      -1,   129,    16,    -1,    -1,    19,    20,    21,    22,    -1,
      24,    25,    26,    27,    28,    29,    30,    31,    32,    -1,
      -1,    35,    36,    37,    38,    -1,    40,    41,    42,    43,
      -1,    -1,    46,    47,    48,    49,    50,    51,    52,    53,
      54,    55,    56,    57,    58,    59,    60,    -1,    62,    63,
      64,    65,    66,    67,    68,    69,    70,    -1,    72,    73,
      74,    75,    76,    77,    -1,    -1,    -1,    81,    82,    83,
      -1,    -1,    -1,    -1,    -1,    -1,    -1,    -1,    -1,    -1,
      -1,    95,    -1,    -1,    -1,    -1,    -1,    -1,    -1,    -1,
      -1,    -1,    -1,    -1,    -1,    -1,    -1,    -1,    -1,    -1,
      -1,     1,   116,   117,    -1,   119,    -1,   121,   122,    -1,
      10,    11,    -1,    13,    -1,   129,    16,    -1,    -1,    19,
      20,    21,    22,    -1,    24,    25,    26,    27,    28,    29,
      30,    31,    32,    -1,    -1,    35,    36,    37,    38,    -1,
      40,    41,    42,    43,    -1,    -1,    46,    47,    48,    49,
      50,    51,    52,    53,    54,    55,    56,    57,    58,    59,
      60,    -1,    62,    63,    64,    65,    66,    67,    68,    -1,
      70,    -1,    72,    73,    74,    75,    76,    77,    -1,     1,
      -1,    81,    82,    83,    -1,    -1,    -1,    -1,    10,    -1,
      -1,    13,    -1,    -1,    16,    95,    -1,    19,    20,    21,
      22,    -1,    24,    25,    -1,    -1,    -1,    29,    30,    -1,
      -1,    -1,    -1,    -1,    -1,    -1,   116,   117,    -1,   119,
      -1,   121,   122,    -1,    -1,    47,    48,    -1,    -1,   129,
      52,    53,    -1,    55,    56,    57,    58,    59,    60,    -1,
      62,    63,    64,    65,    66,    67,    -1,    -1,    70,    -1,
      -1,    73,    74,    75,    76,    77,    -1,     1,    -1,    81,
      82,    83,    -1,    -1,    -1,    -1,    10,    -1,    -1,    13,
      -1,    -1,    16,    95,    -1,    19,    20,    21,    -1,    -1,
      24,    25,    -1,    -1,    -1,    29,    30,    -1,    -1,    -1,
      -1,    -1,    -1,    -1,   116,   117,    -1,   119,    -1,   121,
     122,    -1,    -1,    47,    48,    -1,    -1,   129,    52,    53,
      -1,    55,    56,    57,    58,    59,    60,    -1,    62,    63,
      64,    65,    66,    67,    -1,    -1,    70,    -1,    -1,    73,
      74,    75,    76,    77,    -1,    -1,    -1,    81,    82,    83,
      -1,    -1,    -1,    -1,    10,    11,    -1,    13,    -1,    -1,
      16,    95,    -1,    19,    20,    21,    -1,    -1,    24,    25,
      -1,    -1,    -1,    29,    30,    -1,    -1,    -1,    -1,    -1,
      -1,    -1,   116,   117,    -1,   119,    -1,   121,   122,    -1,
      -1,    47,    48,    -1,   128,   129,    52,    53,    -1,    55,
      56,    57,    58,    59,    60,    61,    62,    63,    64,    65,
      66,    67,    -1,    -1,    70,    -1,    -1,    73,    74,    75,
      76,    77,    -1,    -1,    -1,    81,    82,    83,    -1,    -1,
      -1,    -1,    10,    11,    -1,    13,    -1,    -1,    16,    95,
      -1,    19,    20,    21,    -1,    -1,    24,    25,    -1,    -1,
      -1,    29,    30,    -1,    -1,    -1,    -1,    -1,    -1,    -1,
     116,   117,    -1,   119,    -1,   121,   122,    -1,    -1,    47,
      48,    -1,    -1,   129,    52,    53,    -1,    55,    56,    57,
      58,    59,    60,    -1,    62,    63,    64,    65,    66,    67,
      -1,    -1,    70,    -1,    -1,    73,    74,    75,    76,    77,
      -1,    -1,    -1,    81,    82,    83,    -1,    -1,    -1,    -1,
      10,    -1,    -1,    13,    -1,    -1,    16,    95,    -1,    19,
      20,    21,    -1,    -1,    24,    25,    -1,    -1,    -1,    29,
      30,    -1,    -1,    -1,    -1,    -1,    -1,    -1,   116,   117,
      -1,   119,    -1,   121,   122,    -1,    -1,    47,    48,    -1,
      -1,   129,    52,    53,    -1,    55,    56,    57,    58,    59,
      60,    -1,    62,    63,    64,    65,    66,    67,    -1,    -1,
      70,    -1,    -1,    73,    74,    75,    76,    77,    -1,    -1,
      -1,    81,    82,    83,    -1,    -1,    -1,    -1,    10,    -1,
      -1,    13,    -1,    -1,    16,    95,    -1,    19,    20,    21,
      -1,    -1,    24,    25,    -1,    -1,    -1,    29,    30,    -1,
      -1,    -1,    -1,    -1,    -1,    -1,   116,   117,    -1,   119,
      -1,   121,   122,    -1,    -1,    47,    48,    -1,   128,   129,
      52,    53,    -1,    55,    56,    57,    58,    59,    60,    -1,
      62,    63,    64,    65,    66,    67,    -1,    -1,    70,    -1,
      -1,    73,    74,    75,    76,    77,    -1,    -1,    -1,    81,
      82,    83,    -1,    -1,    -1,    -1,    10,    -1,    -1,    13,
      -1,    -1,    16,    95,    -1,    19,    20,    21,    -1,    -1,
      24,    25,    -1,    -1,    -1,    29,    30,    -1,    -1,    -1,
      -1,    -1,    -1,    -1,   116,   117,    -1,   119,    -1,   121,
     122,    -1,    -1,    47,    48,    -1,   128,   129,    52,    53,
      -1,    55,    56,    57,    58,    59,    60,    -1,    62,    63,
      64,    65,    66,    67,    -1,    -1,    70,    -1,    -1,    73,
      74,    75,    76,    77,    -1,    -1,    -1,    81,    82,    83,
      -1,    -1,    -1,    -1,    10,    11,    -1,    13,    -1,    -1,
      16,    95,    -1,    19,    20,    21,    -1,    -1,    24,    25,
      -1,    -1,    -1,    29,    30,    -1,    -1,    -1,    -1,    -1,
      -1,    -1,   116,   117,    -1,   119,    -1,   121,   122,    -1,
      -1,    47,    48,    -1,   128,   129,    52,    53,    -1,    55,
      56,    57,    58,    59,    60,    -1,    62,    63,    64,    65,
      66,    67,    -1,    -1,    70,    -1,    -1,    73,    74,    75,
      76,    77,    -1,    -1,    -1,    81,    82,    83,    -1,    -1,
      -1,    -1,    10,    -1,    -1,    13,    -1,    -1,    16,    95,
      -1,    19,    20,    21,    -1,    -1,    24,    25,    -1,    -1,
      -1,    29,    30,    -1,    -1,    -1,    -1,    -1,    -1,    -1,
     116,   117,    -1,   119,    -1,   121,   122,    -1,    -1,    47,
      48,    -1,    -1,   129,    52,    53,    -1,    55,    56,    57,
      58,    59,    60,    -1,    62,    63,    64,    65,    66,    67,
      -1,    -1,    70,    -1,    -1,    73,    74,    75,    76,    77,
      -1,    -1,    -1,    81,    82,    83,    -1,    -1,    -1,    -1,
      10,    -1,    -1,    13,    -1,    -1,    16,    95,    -1,    19,
      20,    21,    -1,    -1,    24,    25,    -1,    -1,    -1,    29,
      30,    -1,    -1,    -1,    -1,    -1,    -1,    -1,   116,   117,
      -1,   119,    -1,   121,   122,    -1,    -1,    47,    48,    -1,
     128,   129,    52,    53,    -1,    55,    56,    57,    58,    59,
      60,    -1,    62,    63,    64,    65,    66,    67,    -1,    -1,
      70,    -1,    -1,    73,    74,    75,    76,    77,    -1,    -1,
      -1,    81,    82,    83,    -1,    -1,    -1,    -1,    10,    -1,
      -1,    13,    -1,    -1,    16,    95,    -1,    19,    20,    21,
      -1,    -1,    24,    25,    -1,    -1,    -1,    29,    30,    -1,
      -1,    -1,    -1,    -1,    -1,    -1,   116,   117,    -1,   119,
      -1,   121,   122,    -1,    -1,    47,    48,    -1,   128,   129,
      52,    53,    -1,    55,    56,    57,    58,    59,    60,    -1,
      62,    63,    64,    65,    66,    67,    -1,    -1,    70,    -1,
      -1,    73,    74,    75,    76,    77,    -1,    -1,    -1,    81,
      82,    83,    -1,    -1,    -1,    -1,    10,    -1,    -1,    13,
      -1,    -1,    16,    95,    -1,    19,    20,    21,    -1,    -1,
      24,    25,    -1,    -1,    -1,    29,    30,    -1,    -1,    -1,
      -1,    -1,    -1,    -1,   116,   117,    -1,   119,    -1,   121,
     122,    -1,    -1,    47,    48,    -1,   128,   129,    52,    53,
      -1,    55,    56,    57,    58,    59,    60,    -1,    62,    63,
      64,    65,    66,    67,    -1,    -1,    70,    -1,    -1,    73,
      74,    75,    76,    77,    -1,    -1,    -1,    81,    82,    83,
      -1,    -1,    -1,    -1,    10,    -1,    -1,    13,    -1,    -1,
      16,    95,    -1,    19,    20,    21,    -1,    -1,    24,    25,
      -1,    -1,    -1,    29,    30,    -1,    -1,    -1,    -1,    -1,
      -1,    -1,   116,   117,    -1,   119,    -1,   121,   122,    -1,
      -1,    47,    48,    -1,   128,   129,    52,    53,    -1,    55,
      56,    57,    58,    59,    60,    -1,    62,    63,    64,    65,
      66,    67,    -1,    -1,    70,    -1,    -1,    73,    74,    75,
      76,    77,    -1,    -1,    -1,    81,    82,    83,    -1,    -1,
      -1,    -1,    10,    -1,    -1,    13,    -1,    -1,    16,    95,
      -1,    19,    20,    21,    -1,    -1,    24,    25,    -1,    -1,
      -1,    29,    30,    -1,    -1,    -1,    -1,    -1,    -1,    -1,
     116,   117,    -1,   119,    -1,   121,   122,    -1,    -1,    47,
      48,    -1,    -1,   129,    52,    53,    -1,    55,    56,    57,
      58,    59,    60,    -1,    62,    63,    64,    65,    66,    67,
      -1,    -1,    70,    -1,    -1,    73,    74,    75,    76,    77,
      -1,    -1,    -1,    81,    82,    83,    -1,    -1,    -1,    -1,
      10,    -1,    -1,    13,    -1,    -1,    16,    95,    -1,    19,
      20,    21,    -1,    -1,    24,    25,    -1,    -1,    -1,    29,
      30,    -1,    -1,    -1,    -1,    -1,    -1,    -1,   116,   117,
      -1,   119,    -1,   121,   122,    -1,    -1,    47,    48,    -1,
      -1,   129,    52,    53,    -1,    55,    56,    57,    58,    59,
      60,    -1,    62,    63,    64,    65,    66,    67,    -1,    -1,
      70,    -1,    -1,    73,    74,    75,    76,    77,    -1,    -1,
      -1,    81,    82,    83,    -1,    -1,    -1,    -1,    -1,    -1,
      -1,    -1,    -1,    -1,    -1,    95,    -1,    -1,    -1,    -1,
      -1,    71,    -1,    -1,    -1,    -1,    -1,    -1,    78,    79,
      80,    -1,    -1,    -1,    -1,    -1,   116,   117,    -1,   119,
      90,   121,   122,    -1,    -1,    -1,    96,    97,    98,   129,
     100,   101,   102,   103,   104,   105,   106,   107,   108,   109,
     110,   111,   112,   113,   114,   115,    -1,    -1,    -1,    -1,
     120,    71,    -1,   123,   124,   125,   126,   127,    78,    79,
      80,    -1,    -1,    -1,    -1,    -1,    -1,    -1,    -1,    -1,
      90,    -1,    -1,    -1,    -1,    -1,    96,    97,    98,    -1,
     100,   101,   102,   103,   104,   105,   106,   107,   108,   109,
     110,   111,   112,   113,   114,   115,    -1,    -1,    -1,    -1,
     120,    71,    -1,   123,   124,   125,   126,   127,    78,    79,
      80,    -1,    -1,    -1,    -1,    -1,    -1,    -1,    -1,    -1,
      -1,    -1,    -1,    -1,    -1,    -1,    96,    97,    98,    -1,
     100,   101,   102,   103,   104,   105,   106,   107,   108,   109,
     110,   111,   112,   113,   114,   115,    -1,    -1,    -1,    -1,
     120,    71,    -1,   123,   124,   125,   126,   127,    78,    79,
      80,    -1,    -1,    -1,    -1,    -1,    -1,    -1,    -1,    -1,
      -1,    -1,    -1,    -1,    -1,    -1,    -1,    -1,    98,    -1,
     100,   101,   102,   103,   104,   105,   106,   107,   108,   109,
     110,   111,   112,   113,   114,   115,    -1,    -1,    -1,    -1,
     120,    71,    -1,   123,   124,   125,   126,   127,    78,    79,
      80,    -1,    -1,    -1,    -1,    -1,    -1,    -1,    -1,    -1,
      -1,    -1,    -1,    -1,    -1,    -1,    -1,    -1,    -1,    -1,
     100,   101,   102,   103,   104,   105,   106,   107,   108,   109,
     110,   111,   112,   113,   114,   115,    78,    79,    80,    -1,
     120,    -1,    -1,   123,   124,   125,   126,   127,    -1,    -1,
      -1,    -1,    -1,    -1,    -1,    -1,    -1,    -1,    -1,    -1,
      -1,   103,   104,   105,   106,   107,   108,   109,   110,   111,
     112,   113,   114,   115,    78,    79,    80,    -1,   120,    -1,
      -1,   123,   124,   125,   126,   127,    -1,    -1,    -1,    -1,
      -1,    -1,    -1,    -1,    -1,    -1,    78,    79,    80,    -1,
      -1,   105,   106,   107,   108,   109,   110,   111,   112,   113,
     114,   115,    -1,    -1,    -1,    -1,   120,    -1,    -1,   123,
     124,   125,   126,   127,   106,   107,   108,   109,   110,   111,
     112,   113,   114,   115,    78,    79,    80,    -1,   120,    -1,
      -1,   123,   124,   125,   126,   127,    -1,    -1,    -1,    -1,
      -1,    -1,    -1,    78,    79,    80,    -1,    -1,    -1,    -1,
      -1,    -1,    -1,   107,   108,   109,   110,   111,   112,   113,
     114,   115,    78,    79,    80,    -1,   120,    -1,    -1,   123,
     124,   125,   126,   127,   109,   110,   111,   112,   113,   114,
     115,    78,    79,    80,    -1,   120,    -1,    -1,   123,   124,
     125,   126,   127,    -1,    -1,   111,   112,   113,   114,   115,
      78,    79,    80,    -1,   120,    -1,    -1,   123,   124,   125,
     126,   127,    -1,    -1,    -1,   112,   113,   114,   115,    -1,
      -1,    -1,    -1,   120,    -1,    -1,   123,   124,   125,   126,
     127,    -1,    -1,    -1,    -1,   113,   114,   115,    -1,    -1,
      -1,    -1,   120,    -1,    -1,   123,   124,   125,   126,   127
};

  /* YYSTOS[STATE-NUM] -- The (internal number of the) accessing
     symbol of state STATE-NUM.  */
static const yytype_uint8 yystos[] =
{
       0,     3,     4,     5,     6,     7,     8,     9,   131,   132,
     133,   134,   135,   136,   137,   138,     0,   143,    10,    13,
      16,    19,    20,    21,    24,    25,    29,    30,    47,    48,
      52,    53,    55,    56,    57,    58,    59,    60,    62,    63,
      64,    65,    66,    67,    70,    73,    74,    75,    76,    77,
      81,    82,    83,    95,   116,   117,   119,   121,   122,   129,
     141,   200,   201,   202,   205,   206,   207,   208,   209,   210,
     211,   212,   214,   215,   217,   224,   232,   233,   234,   235,
     236,   237,   238,   239,   240,    11,   140,     1,    22,    26,
      27,    28,    31,    32,    35,    36,    37,    38,    40,    41,
      42,    43,    46,    49,    50,    51,    54,    68,    72,   139,
     140,   153,   166,   200,   221,    69,   151,   152,   153,   141,
     149,   194,   195,   149,    56,    61,   140,   233,   241,   224,
     241,   215,   241,   215,   241,   241,   215,   119,   129,   218,
     233,   234,   235,   215,   140,   215,   178,   178,   178,   241,
     241,   216,    13,   129,   215,   178,   215,   129,   129,    87,
     129,   140,   215,    56,   141,   201,   223,   233,   241,   241,
     224,    56,    61,   180,   201,   215,   215,   215,   215,   215,
     128,   200,    91,    92,    93,    94,    15,    11,    13,   129,
     109,   110,   109,   107,   108,   107,    71,    78,    79,    80,
      90,    96,    97,    98,   100,   101,   102,   103,   104,   105,
     106,   107,   108,   109,   110,   111,   112,   113,   114,   115,
     120,   123,   124,   125,   126,   127,   129,    11,    13,    11,
      13,    11,    13,    11,   143,   179,    56,    56,   219,   233,
     234,   235,   129,   129,    30,   119,   129,   231,   233,   129,
     129,   129,   129,   140,    11,   144,   144,   177,   180,    22,
     180,    39,   141,   168,    22,    32,    35,    36,    37,    38,
      41,    22,   152,   153,   151,    16,    20,    24,   141,   185,
     186,   188,   189,   190,   191,    14,   129,   215,   218,   233,
     234,   235,   128,   200,    84,   183,    59,   141,   181,    84,
     141,   182,   213,   223,   129,    87,   200,   128,   140,   128,
     128,   200,   224,   224,   241,   201,    22,   223,    13,   128,
     200,   200,   200,   200,   215,   200,   200,   128,   200,   215,
     215,   215,   215,   215,   215,   215,   215,   215,   215,   215,
     215,   215,   215,   215,   215,   215,   215,   215,   215,   215,
     215,   215,   215,   215,   215,   215,   215,    10,    11,    13,
      16,    20,    24,    25,    57,    81,   129,   204,   233,   128,
     200,   200,   200,   200,   200,   200,   200,   200,   149,    56,
     141,   176,    56,    56,    84,   141,   220,   143,   143,   119,
     143,    30,   229,   230,   232,   233,   234,   235,   143,   143,
     129,   143,   143,   143,   143,   145,    44,   156,   177,   177,
     140,   165,   200,   165,   165,   173,   200,   165,   165,    61,
     184,   184,    15,   128,   200,   183,   128,    59,   182,    59,
     143,   199,   182,   224,   201,    14,   203,   128,    88,   128,
     200,    12,   200,    13,    22,    14,   128,    99,    25,   200,
     200,    25,    25,    25,    25,    25,   128,   200,   129,   128,
      22,    14,    22,    14,    22,    14,    22,    12,    18,   142,
      11,    22,    11,    22,    59,    96,   174,   200,   174,   129,
     226,   233,   129,   141,   166,   171,   174,   175,   200,   229,
     143,   173,   172,   200,   174,   174,   149,   143,    56,   154,
     155,    96,   141,   187,   187,   189,   128,   143,   197,   129,
     141,   192,   193,    22,   198,   199,   128,    23,   141,   225,
     223,   128,    14,   200,    12,   215,    22,    14,   128,   224,
      12,    12,    12,    12,   143,   143,   143,   222,   128,   128,
     227,   228,   233,   129,   143,   128,    22,   159,   174,   128,
     128,   128,   128,    12,   129,   141,   146,    56,   181,   182,
     215,    11,   194,    11,   200,    88,    14,    12,   128,    22,
     161,   162,   215,   144,   144,    15,   128,   174,   174,   144,
     157,   129,   128,   170,   170,   144,   144,   147,   160,   223,
     182,   198,   149,   128,   149,    86,   149,   149,    33,    34,
     141,   167,   167,   233,   129,   128,   128,   168,   172,   174,
     144,   144,   144,   233,   144,    22,    22,   196,   197,    12,
      12,   141,   150,    12,    12,   144,   129,   174,   144,   144,
      22,   128,   168,   168,   168,   148,    45,   169,    22,    59,
     163,   174,   128,   168,   168,   158,   144,   128,   140,    17,
      85,   141,   164,   128,   144,   170,   168,   149,   144,   168,
     175,    86,   167,   128,   144
};

  /* YYR1[YYN] -- Symbol number of symbol that rule YYN derives.  */
static const yytype_uint8 yyr1[] =
{
       0,   130,   132,   131,   133,   131,   134,   131,   135,   131,
     136,   131,   137,   131,   138,   131,   139,   139,   140,   141,
     142,   143,   144,   145,   146,   147,   148,   146,   149,   149,
     150,   150,   151,   151,   152,   152,   153,   153,   154,   153,
     155,   153,   153,   153,   156,   153,   153,   153,   153,   153,
     153,   153,   153,   157,   158,   153,   153,   153,   153,   159,
     153,   153,   153,   160,   153,   153,   161,   153,   162,   153,
     153,   153,   153,   153,   153,   163,   164,   164,   165,   166,
     166,   166,   166,   166,   166,   166,   166,   167,   167,   167,
     168,   168,   169,   169,   170,   171,   171,   172,   172,   173,
     174,   175,   176,   176,   177,   178,   179,   180,   180,   181,
     181,   182,   182,   182,   183,   183,   184,   184,   185,   185,
     186,   187,   187,   187,   188,   189,   189,   190,   190,   190,
     191,   191,   192,   192,   193,   195,   194,   196,   196,   197,
     198,   198,   199,   200,   200,   200,   200,   200,   201,   201,
     201,   202,   202,   202,   202,   202,   202,   202,   202,   202,
     203,   202,   204,   204,   205,   205,   205,   205,   205,   205,
     205,   205,   205,   205,   205,   205,   205,   205,   206,   206,
     206,   206,   206,   206,   206,   206,   206,   206,   206,   206,
     206,   206,   206,   206,   206,   206,   206,   206,   206,   206,
     207,   207,   207,   207,   207,   208,   208,   209,   209,   209,
     209,   210,   210,   211,   211,   211,   211,   211,   211,   211,
     211,   211,   212,   212,   212,   212,   213,   212,   214,   214,
     215,   215,   215,   215,   215,   215,   215,   215,   215,   215,
     215,   215,   215,   215,   215,   215,   215,   215,   215,   215,
     215,   215,   215,   215,   215,   215,   215,   215,   215,   215,
     215,   215,   215,   215,   215,   215,   215,   215,   215,   215,
     215,   215,   215,   215,   215,   215,   215,   215,   216,   215,
     215,   215,   215,   217,   217,   217,   217,   218,   218,   218,
     218,   218,   219,   219,   219,   220,   220,   220,   221,   222,
     221,   223,   223,   224,   224,   225,   225,   226,   227,   227,
     227,   228,   229,   229,   229,   230,   230,   231,   231,   232,
     233,   234,   235,   236,   236,   237,   238,   238,   239,   239,
     240,   240,   241,   241,   241,   241
};

  /* YYR2[YYN] -- Number of symbols on the right hand side of rule YYN.  */
static const yytype_int8 yyr2[] =
{
       0,     2,     0,     4,     0,     3,     0,     3,     0,     3,
       0,     3,     0,     3,     0,     3,     1,     1,     4,     0,
       7,     0,     4,     0,     1,     0,     0,     5,     1,     2,
       1,     2,     1,     1,     2,     2,     1,     4,     0,     7,
       0,     6,     4,     4,     0,     7,     7,     7,     6,     6,
       2,     8,     8,     0,     0,    13,     9,    11,     8,     0,
      10,     9,     7,     0,     8,     2,     0,     8,     0,     8,
       2,     2,     2,     2,     1,     2,     1,     3,     1,     1,
       1,     3,     3,     3,     3,     3,     3,     1,     2,     6,
       1,     2,     0,     2,     0,     1,     1,     0,     1,     1,
       1,     1,     1,     1,     0,     0,     0,     1,     1,     1,
       1,     1,     2,     1,     2,     1,     0,     1,     1,     1,
       3,     1,     1,     2,     3,     1,     1,     2,     3,     1,
       1,     1,     1,     1,     3,     0,     2,     1,     1,     4,
       1,     1,     5,     3,     3,     3,     3,     1,     2,     3,
       1,     3,     5,     6,     3,     3,     5,     2,     4,     4,
       0,     5,     1,     1,     5,     4,     5,     4,     5,     6,
       5,     4,     5,     4,     3,     6,     4,     5,     3,     3,
       3,     3,     3,     3,     3,     3,     3,     3,     1,     1,
       3,     3,     3,     3,     3,     3,     3,     3,     3,     3,
       1,     3,     2,     2,     3,     3,     3,     1,     3,     2,
       2,     3,     3,     2,     2,     2,     2,     2,     2,     2,
       2,     2,     3,     4,     5,     4,     0,     5,     2,     2,
       1,     1,     1,     1,     5,     2,     1,     2,     3,     1,
       2,     1,     1,     1,     1,     1,     1,     4,     4,     5,
       5,     1,     1,     3,     4,     3,     4,     4,     4,     4,
       4,     1,     2,     2,     1,     2,     2,     1,     2,     1,
       2,     1,     3,     1,     3,     1,     3,     4,     0,     6,
       1,     1,     1,     3,     2,     4,     3,     3,     2,     1,
       1,     1,     1,     1,     1,     2,     1,     1,     3,     0,
       6,     1,     1,     1,     1,     1,     2,     1,     2,     3,
       1,     1,     1,     1,     1,     1,     1,     2,     2,     2,
       2,     2,     2,     2,     4,     2,     1,     3,     1,     3,
       1,     3,     1,     1,     1,     1
};

typedef enum {
	toketype_ival, toketype_opval, toketype_pval
} toketypes;

/* type of each token/terminal */
static const toketypes yy_type_tab[] =
{
  toketype_ival, toketype_ival, toketype_ival, toketype_ival, toketype_ival, toketype_ival,
  toketype_ival, toketype_ival, toketype_ival, toketype_ival,
  toketype_ival, toketype_ival, toketype_ival,
  toketype_ival, toketype_ival, toketype_ival,
  toketype_ival, toketype_ival, toketype_ival, toketype_ival,
  toketype_ival, toketype_ival, toketype_ival, toketype_ival,
  toketype_ival, toketype_ival, toketype_ival, toketype_ival, toketype_ival,
  toketype_ival, toketype_ival, toketype_ival, toketype_ival, toketype_ival, toketype_ival,
  toketype_ival, toketype_ival, toketype_ival, toketype_ival, toketype_ival, toketype_ival,
  toketype_ival, toketype_ival, toketype_ival, toketype_ival, toketype_ival, toketype_ival,
  toketype_ival, toketype_ival, toketype_ival, toketype_ival,
  toketype_ival, toketype_ival, toketype_ival, toketype_ival,
  toketype_ival, toketype_opval, toketype_opval, toketype_opval, toketype_opval, toketype_opval,
  toketype_opval, toketype_opval, toketype_opval, toketype_opval, toketype_opval, toketype_opval,
  toketype_opval, toketype_opval, toketype_opval, toketype_ival, toketype_ival, toketype_ival, toketype_ival,
  toketype_ival, toketype_ival, toketype_ival, toketype_ival, toketype_ival, toketype_ival, toketype_ival, toketype_ival,
  toketype_ival, toketype_ival, toketype_ival, toketype_ival, toketype_ival,
  toketype_ival, toketype_ival, toketype_ival, toketype_ival, toketype_ival,
  toketype_ival, toketype_ival, toketype_ival,
  toketype_ival, toketype_ival, toketype_ival, toketype_ival,
  toketype_ival, toketype_ival, toketype_ival, toketype_ival, toketype_ival,
  toketype_ival, toketype_ival, toketype_ival, toketype_ival, toketype_ival,
  toketype_ival, toketype_ival, toketype_ival, toketype_ival, toketype_ival,
  toketype_ival, toketype_ival, toketype_ival, toketype_ival,
  toketype_ival, toketype_ival, toketype_ival, toketype_ival, toketype_ival, toketype_ival,
  toketype_ival, toketype_ival, toketype_ival, toketype_ival, toketype_ival,
  toketype_ival, toketype_ival, toketype_ival, toketype_ival, toketype_ival, toketype_ival, toketype_ival, toketype_ival,
  toketype_ival, toketype_ival, toketype_ival, toketype_opval, toketype_opval, toketype_opval,
  toketype_ival, toketype_opval, toketype_ival, toketype_opval, toketype_ival, toketype_ival,
  toketype_opval, toketype_opval, toketype_opval, toketype_opval, toketype_opval, toketype_ival,
  toketype_ival, toketype_ival, toketype_ival, toketype_ival, toketype_ival, toketype_ival, toketype_ival, toketype_ival,
  toketype_opval, toketype_opval, toketype_opval, toketype_opval, toketype_opval, toketype_opval, toketype_opval,
  toketype_ival, toketype_opval, toketype_opval, toketype_opval, toketype_opval, toketype_opval, toketype_opval,
  toketype_ival, toketype_ival, toketype_ival, toketype_opval, toketype_opval,
  toketype_opval, toketype_opval, toketype_opval, toketype_ival,
  toketype_opval, toketype_opval, toketype_opval, toketype_opval, toketype_opval,
  toketype_opval, toketype_opval, toketype_opval, toketype_opval, toketype_ival,
  toketype_opval, toketype_opval, toketype_opval, toketype_opval, toketype_opval,
  toketype_opval, toketype_opval, toketype_ival, toketype_opval, toketype_opval, toketype_opval,
  toketype_opval, toketype_opval, toketype_opval, toketype_opval, toketype_opval,
  toketype_opval, toketype_ival, toketype_opval, toketype_opval, toketype_ival, toketype_opval, toketype_opval,
  toketype_pval, toketype_opval, toketype_opval, toketype_ival, toketype_opval,
  toketype_opval, toketype_opval, toketype_opval, toketype_opval,
  toketype_opval, toketype_opval, toketype_opval, toketype_ival, toketype_opval,
  toketype_opval, toketype_opval, toketype_opval, toketype_opval, toketype_opval, toketype_opval, toketype_opval, toketype_opval,
  toketype_opval
};

/* Generated from:
 * 42aef380d850091ceda27f0491a2457b985560d40c05739a92704f7d780ce48f perly.y
 * acf1cbfd2545faeaaa58b1cf0cf9d7f98b5be0752eb7a54528ef904a9e2e1ca7 regen_perly.pl
 * ex: set ro: */
